velocity all create 1.2 12345 mom yes rot yes dist gaussian
# NVT simulation at T = 1.2 (till equilibration)
fix mynve all nve
fix mylgv all langevin 1.2 1.2 0.1 12345 zero yes
timestep 0.001
run 5000
Per MPI rank memory allocation (min/avg/max) = 3.694 | 3.694 | 3.694 Mbytes
Step Temp PotEng KinEng TotEng Press 
       0          1.2   -7.1056079      1.79955   -5.3060579  -0.90340928 
      50   0.84105516   -6.3506057    1.2612673   -5.0893383    2.6580678 
     100    0.9731308   -6.0340334    1.4593313   -4.5747022     4.496529 
     150    1.0694742   -5.8623143    1.6038102    -4.258504    5.4333502 
     200    1.1267655   -5.8022653    1.6897257   -4.1125395    5.7918039 
     250    1.1438019   -5.7203109     1.715274   -4.0050369    6.2188255 
     300    1.1616385   -5.6954151    1.7420221    -3.953393    6.3650475 
     350    1.1870679   -5.6707313    1.7801566   -3.8905746    6.5033387 
     400    1.1922796   -5.6504354    1.7879723   -3.8624631    6.6122194 
     450    1.2142507   -5.6408536    1.8209208   -3.8199328    6.6767506 
     500    1.1826253   -5.6247635    1.7734944   -3.8512691    6.7250945 
     550    1.2174839   -5.6596686    1.8257694   -3.8338992    6.5888518 
     600    1.1894962   -5.5957814    1.7837982   -3.8119832    6.8664197 
     650    1.1999319   -5.5940891    1.7994479   -3.7946412     6.888051 
     700    1.1936742   -5.5727019    1.7900636   -3.7826383    6.9951245 
     750    1.2002633   -5.5799737    1.7999448   -3.7800289    6.9685004 
     800    1.2164939   -5.5968628    1.8242847   -3.7725782    6.9064861 
     850    1.2166956   -5.5985595    1.8245871   -3.7739724    6.9135955 
     900    1.1945517   -5.5641951    1.7913796   -3.7728155    7.0670778 
     950    1.1858398   -5.5636595     1.778315   -3.7853444    7.0639616 
    1000    1.2048307   -5.5963206    1.8067942   -3.7895264    6.9236625 
    1050    1.2140725   -5.5757266    1.8206535   -3.7550731     7.045411 
    1100    1.1915112   -5.5417164    1.7868199   -3.7548965     7.205787 
    1150    1.2015742   -5.5343657    1.8019107    -3.732455    7.2544545 
    1200    1.1860989   -5.5205338    1.7787036   -3.7418302    7.3105973 
    1250     1.194229   -5.5371937    1.7908956   -3.7462981    7.2096033 
    1300    1.1898537    -5.516973    1.7843344   -3.7326386    7.2615071 
    1350    1.2209787   -5.5575157    1.8310101   -3.7265056    7.1126718 
    1400    1.1978209   -5.5485321    1.7962822   -3.7522499    7.1378316 
    1450    1.1779994   -5.5519559    1.7665574   -3.7853985    7.0851978 
    1500    1.1924863   -5.5428772    1.7882823   -3.7545949    7.1384337 
    1550    1.1976475   -5.5157782    1.7960222    -3.719756    7.2857001 
    1600    1.1934088   -5.5158128    1.7896657   -3.7261471    7.2803924 
    1650    1.2011331   -5.5347851    1.8012493   -3.7335358    7.1920593 
    1700     1.196218   -5.5565473    1.7938783    -3.762669    7.1033535 
    1750    1.2175454   -5.5526851    1.8258616   -3.7268235    7.1361893 
    1800    1.1953849   -5.5376971    1.7926291    -3.745068    7.1740505 
    1850    1.1777633   -5.5482845    1.7662033   -3.7820812    7.1225584 
    1900    1.1869008   -5.5495873    1.7799061   -3.7696812    7.1308679 
    1950    1.1982516   -5.5246815     1.796928   -3.7277535    7.2628462 
    2000    1.1836727   -5.5228166    1.7750651   -3.7477515     7.275774 
    2050    1.1781232   -5.4951279    1.7667431   -3.7283849    7.3945068 
    2100    1.2233241   -5.5536758    1.8345273   -3.7191484    7.1689245 
    2150    1.1872369   -5.5151963    1.7804102   -3.7347862    7.3067679 
    2200    1.1964817   -5.5511831    1.7942738   -3.7569093    7.1506037 
    2250    1.1992089     -5.54248    1.7983636   -3.7441164     7.182983 
    2300    1.1828167   -5.5266205    1.7737815   -3.7528389    7.2326641 
    2350    1.2182848   -5.5428689    1.8269704   -3.7158985    7.1900589 
    2400    1.1691115   -5.5097841    1.7532288   -3.7565553    7.2959861 
    2450    1.1827772   -5.5197203    1.7737222   -3.7459981    7.2520749 
    2500    1.2088031   -5.5334587    1.8127513   -3.7207074    7.2111916 
    2550    1.1791588    -5.521693    1.7682961   -3.7533969    7.2534209 
    2600    1.1712559   -5.5099507    1.7564446   -3.7535061    7.3322742 
    2650    1.2088146   -5.5423688    1.8127685   -3.7296003    7.2026564 
    2700    1.2090648   -5.5223633    1.8131438   -3.7092195    7.2716377 
    2750    1.2293647   -5.5041715     1.843586   -3.6605855    7.3961582 
    2800    1.2047076   -5.4830749    1.8066097   -3.6764653     7.499457 
    2850    1.2275759   -5.5086706    1.8409034   -3.6677671     7.369715 
    2900    1.2146581    -5.487943    1.8215317   -3.6664113    7.4441826 
    2950    1.2406855   -5.5208646     1.860563   -3.6603015    7.3186464 
    3000    1.2053008   -5.4941258    1.8074992   -3.6866266    7.4047311 
    3050    1.2061636   -5.5103263     1.808793   -3.7015333    7.3520154 
    3100    1.1895961    -5.493283     1.783948    -3.709335    7.4235808 
    3150    1.1898791   -5.4520185    1.7843724    -3.667646    7.6537828 
    3200     1.204732   -5.5214344    1.8066463   -3.7147881    7.3334134 
    3250    1.1642372   -5.4995113    1.7459192    -3.753592    7.3780302 
    3300    1.1790179   -5.5154275    1.7680847   -3.7473427    7.3171677 
    3350    1.1762927   -5.5263605     1.763998   -3.7623625    7.2402093 
    3400    1.1540397   -5.4977997    1.7306268    -3.767173    7.3613316 
    3450    1.1962945   -5.5121757    1.7939932   -3.7181825    7.3284919 
    3500    1.2068585   -5.5202044    1.8098352   -3.7103692     7.303682 
    3550    1.1980291   -5.4957621    1.7965944   -3.6991677    7.4268047 
    3600    1.2213269   -5.4934206    1.8315324   -3.6618882    7.4507042 
    3650    1.2011459   -5.4964291    1.8012685   -3.6951606    7.4278178 
    3700    1.1999364   -5.4763992    1.7994546   -3.6769446    7.5329207 
    3750    1.2118654   -5.4690134    1.8173436   -3.6516697    7.5757101 
    3800    1.1997064   -5.4687383    1.7991097   -3.6696286    7.5685379 
    3850    1.2140538   -5.4706569    1.8206254   -3.6500315    7.5746079 
    3900    1.2004343    -5.451139    1.8002013   -3.6509377    7.6756963 
    3950     1.227152   -5.4665437    1.8402678   -3.6262759    7.6017932 
    4000    1.2059523    -5.438062    1.8084762   -3.6295858    7.7067246 
    4050    1.2072739   -5.4836368    1.8104581   -3.6731787    7.4721362 
    4100    1.2162414   -5.4944417     1.823906   -3.6705358    7.4347003 
    4150    1.1859202   -5.4305709    1.7784355   -3.6521354    7.7391588 
    4200    1.2255046   -5.4514108    1.8377974   -3.6136134    7.6891434 
    4250    1.1953014   -5.4377334    1.7925039   -3.6452295    7.7165858 
    4300    1.2242669   -5.4660248    1.8359412   -3.6300836    7.6023643 
    4350    1.1918538   -5.4326529    1.7873338   -3.6453191     7.725657 
    4400     1.210428   -5.4744712     1.815188   -3.6592831    7.5354399 
    4450    1.2149734   -5.4811782    1.8220045   -3.6591738    7.5082149 
    4500    1.2080417   -5.4654995    1.8116095     -3.65389    7.5804193 
    4550    1.2476028   -5.4725991    1.8709364   -3.6016627    7.5781498 
    4600    1.2090018   -5.4498324    1.8130494    -3.636783    7.6506376 
    4650    1.1900585   -5.4667866    1.7846415   -3.6821452    7.5499329 
    4700     1.206636   -5.4882145    1.8095016   -3.6787129    7.4725131 
    4750    1.1688859   -5.4828534    1.7528905    -3.729963    7.4705029 
    4800    1.2029238   -5.4740209    1.8039347   -3.6700862    7.5372198 
    4850    1.1927471   -5.4595446    1.7886733   -3.6708713    7.6194238 
    4900    1.2046952   -5.4585025    1.8065911   -3.6519114    7.6282728 
    4950    1.2047217   -5.4653757    1.8066307   -3.6587449    7.5943006 
    5000    1.2223895   -5.4449459    1.8331259   -3.6118201    7.7118878 
Loop time of 5.73623 on 1 procs for 5000 steps with 4000 atoms

Performance: 75310.730 tau/day, 871.652 timesteps/s
100.0% CPU use with 1 MPI tasks x 1 OpenMP threads

MPI task timing breakdown:
Section |  min time  |  avg time  |  max time  |%varavg| %total
---------------------------------------------------------------
Pair    | 4.5898     | 4.5898     | 4.5898     |   0.0 | 80.01
Neigh   | 0.48097    | 0.48097    | 0.48097    |   0.0 |  8.38
Comm    | 0.060878   | 0.060878   | 0.060878   |   0.0 |  1.06
Output  | 0.0012833  | 0.0012833  | 0.0012833  |   0.0 |  0.02
Modify  | 0.57416    | 0.57416    | 0.57416    |   0.0 | 10.01
Other   |            | 0.02915    |            |       |  0.51

Nlocal:        4000.00 ave        4000 max        4000 min
Histogram: 1 0 0 0 0 0 0 0 0 0
Nghost:        5728.00 ave        5728 max        5728 min
Histogram: 1 0 0 0 0 0 0 0 0 0
Neighs:        170426.0 ave      170426 max      170426 min
Histogram: 1 0 0 0 0 0 0 0 0 0

Total # of neighbors = 170426
Ave neighs/atom = 42.606500
Neighbor list builds = 149
Dangerous builds = 0
write_data config.data
System init for write_data ...
Total wall time: 0:00:06
